function dxdt = ODE(x, t, u)
    dxdt = [3.8045 0.7585; 5.6782,0.5395] * x + [5.3080 9.3401; 7.7917 1.2991] * u;
end