activationFunction = 'relu';
layerDepth = 3;

stateSpaceEta = [0.1, 0.1];
stateSpaceLowerBound = [-5, -10];
stateSpaceUpperBound = [5, 10];

inputSpaceEta = [1000];
inputSpaceLowerBound = [0];
inputSpaceUpperBound = [5000];

w0 = [
	[-0.0891324058, -0.032202974],
	[-1.07593858, -3.07952738],
	[-6.61312532, -5.99147749],
	[8.92796516, 9.03146362],
	[-0.152679235, 0.00321149593],
	[-0.0579421334, 0.0442769378],
	[1.68411386, 1.70832014],
	[0.0204159785, 0.0147727132],
];
b0 = [-0.0128270164, 1.7215997, 5.36586094, -7.18233252, -0.00324068731, -0.0428873077, -1.35245442, -0.0350604095];
w1 = [
	[-0.0936322138, 0.0567288473, -0.0670611709, 5.2601099e-06, 0.0242956728, -0.0899259895, 0.0154457241, 0.0398196056],
	[-0.0524214357, 0.0627734438, 0.0133112036, -0.0465585925, 0.0227931887, 0.0358181223, 0.00711458456, 0.0728562847],
	[0.0179819912, 0.909754217, 0.932846129, 4.03160238, -0.0980429351, 0.00852118991, 0.790350318, -0.0552833602],
	[-0.0580312498, -0.0555113554, -0.0627613962, -0.0562501252, 0.0888744816, 0.0139147043, 0.0479101613, -0.00957819074],
	[-0.00190823525, 0.24739866, 0.0183928497, 0.775253773, -0.0593123175, -0.082565479, 0.060504701, -0.0885198712],
	[-0.0131166726, -2.16457272, -4.15411997, 0.360656828, 0.0380496755, 0.0940703601, 0.146490827, 0.0235304981],
	[-0.0640792698, 0.0424600989, -0.0520962365, 1.86283183, -0.11448402, 0.0404229574, 0.423607171, -0.00455963006],
	[-0.0092606321, 0.305586666, 0.200181752, 1.79140365, 0.0479930826, 0.0392930843, 0.46247676, -0.00520251831],
];
b1 = [-0.0799546242, -0.134376392, -3.39141893, -0.0295376629, -0.579987347, 2.22390342, -2.22009611, -1.6289376];
w2 = [
	[-0.0566206053, 0.00105897803, 1.22469413, 0.0812836215, 0.201106802, -1.26296878, 0.619254827, 0.509484351],
	[0.0516757295, 0.0664611906, -1.22808051, 0.0808850005, -0.271747828, 1.21956515, -0.697462261, -0.598702848],
];
b2 = [3.10011697, -3.08929181];
