activationFunction = 'relu';
layerDepth = 3;

stateSpaceEta = [0.1, 0.1];
stateSpaceLowerBound = [-5, -10];
stateSpaceUpperBound = [5, 10];

inputSpaceEta = [1000];
inputSpaceLowerBound = [0];
inputSpaceUpperBound = [5000];

w0 = [
	[-0.0891324058, -0.032202974],
	[5.98725319, -7.09152222],
	[-10.6741381, -13.7450542],
	[9.71772575, 17.3899574],
	[-0.152679235, 0.00321149593],
	[-0.0579421334, 0.0442764647],
	[2.7157042, 2.74514055],
	[0.0204159785, 0.0147727132],
];
b0 = [-0.0128270164, 0.390975624, 12.2535553, -15.1557446, -0.00324068731, -0.0428878032, -2.71231413, -0.0350604095];
w1 = [
	[-0.0936322138, 0.0430981256, -0.0671679378, -3.06743495e-05, 0.0242956728, -0.0899259895, 0.0147851529, 0.0398196056],
	[-0.0524214357, 0.0610966682, 0.0130734732, -0.0465585925, 0.0227931887, 0.0358181223, 0.00705933291, 0.0728562847],
	[0.0179819912, 2.02741146, 1.87195492, 4.91393375, -0.0980429351, 0.00852118991, 1.28825605, -0.0552833602],
	[-0.0580312498, -0.0555113032, -0.0627613962, -0.0562494919, 0.0888744816, 0.0139147043, 0.0479652211, -0.00957819074],
	[-0.00190823525, 1.01390636, -0.481522977, 1.54283261, -0.0593123175, -0.082565479, 1.30339181, -0.0885198712],
	[-0.0131166726, -3.67763615, -5.24566364, -0.696675539, 0.0380496755, 0.0940703601, -0.117156483, 0.0235304981],
	[-0.0640792698, 0.0103651658, -0.0527779236, 2.10773754, -0.11448402, 0.0404229574, 0.727613688, -0.00455963006],
	[-0.0092606321, 0.268772811, 0.167426959, 1.9833647, 0.0479930826, 0.0392930843, 0.750492036, -0.00520251831],
];
b1 = [-0.0872309282, -0.135120779, -1.82054138, -0.0294557344, -0.316127598, 2.18672514, -2.2233808, -1.70179355];
w2 = [
	[-0.0559245311, 0.00115882291, 0.689550161, 0.0815765709, 0.865020692, -1.39994776, 0.461883157, 0.351565421],
	[0.0509796664, 0.0663633496, -0.692936003, 0.0805920511, -0.935651362, 1.35654318, -0.540088952, -0.440783441],
];
b2 = [1.77403772, -1.76322043];
