activationFunction = 'relu';
layerDepth = 3;

stateSpaceEta = [0.1, 0.1];
stateSpaceLowerBound = [-5, -10];
stateSpaceUpperBound = [5, 10];

inputSpaceEta = [1000];
inputSpaceLowerBound = [0];
inputSpaceUpperBound = [5000];

w0 = [
	[-0.0891324058, -0.032202974],
	[-0.450737953, -0.324601978],
	[-0.825466096, -0.314313233],
	[4.48059416, 1.05289841],
	[-0.152679235, 0.00321149593],
	[-0.0579397604, 0.0449815057],
	[0.850042582, 0.176458031],
	[0.0204159785, 0.0147727132],
];
b0 = [-0.0128270164, 0.194145277, 0.221193552, -0.0862536803, -0.00324068731, -0.0421636142, 0.00384538248, -0.0350604095];
w1 = [
	[-0.0936322138, 0.0567288473, -0.0670611709, 5.2601099e-06, 0.0242956728, -0.0899259895, 0.0154457241, 0.0398196056],
	[-0.0524214357, 0.0984792784, 0.0868427977, -0.0465474911, 0.0227931887, 0.0358181223, 0.00712655485, 0.0728562847],
	[0.0179819912, 0.376885295, 0.366357207, 2.65988159, -0.0980429351, 0.00850845128, 0.473051578, -0.0552833602],
	[-0.0580312498, -0.0555113554, -0.0627613962, -0.0562501252, 0.0888744816, 0.0139147043, 0.0479101613, -0.00957819074],
	[-0.00190823525, 0.150727972, 0.00168513635, 0.494554698, -0.0593123175, -0.082567744, -0.00320847984, -0.0885198712],
	[-0.0131166726, -0.268707037, -0.673995614, 1.7410444, 0.0380496755, 0.0940800086, 0.368564069, 0.0235304981],
	[-0.0640792698, 0.0648390055, -0.0441595316, 1.19699574, -0.11448402, 0.0404170863, 0.280908912, -0.00455963006],
	[-0.0092606321, 0.176373795, 0.145559311, 1.16159594, 0.0479930826, 0.0392874256, 0.318012655, -0.00520251831],
];
b1 = [-0.0799546242, -0.0800861865, -1.33971775, -0.0295376629, -0.241531312, -0.0516603179, -0.609470904, -0.597239375];
w2 = [
	[-0.0566206053, -0.00879707187, 1.66701818, 0.0812836215, 0.264787525, -1.15193677, 0.718275547, 0.697737575],
	[0.0516757295, 0.0763170794, -1.67039704, 0.0808850005, -0.335429102, 1.10853672, -0.796480477, -0.786955774],
];
b2 = [1.26728547, -1.2564652];
