activationFunction = 'relu';
layerDepth = 3;

stateSpaceEta = [0.1, 0.1];
stateSpaceLowerBound = [-5, -10];
stateSpaceUpperBound = [5, 10];

inputSpaceEta = [1000];
inputSpaceLowerBound = [0];
inputSpaceUpperBound = [5000];

w0 = [
	[-0.0891324058, -0.032202974],
	[3.21110702, -6.79760456],
	[-9.97037125, -12.5458746],
	[9.58370209, 16.1680126],
	[-0.152679235, 0.00321149593],
	[-0.0579421334, 0.0442764647],
	[2.41410995, 2.5732007],
	[0.0204159785, 0.0147727132],
];
b0 = [-0.0128270164, 0.554720104, 11.1496706, -14.1088839, -0.00324068731, -0.0428878032, -2.30417132, -0.0350604095];
w1 = [
	[-0.0936322138, 0.0431185439, -0.0671679378, -3.06611437e-05, 0.0242956728, -0.0899259895, 0.0147864344, 0.0398196056],
	[-0.0524214357, 0.0611023158, 0.013074223, -0.0465585925, 0.0227931887, 0.0358181223, 0.00705950521, 0.0728562847],
	[0.0179819912, 1.86143267, 1.743325, 4.86952925, -0.0980429351, 0.00852118991, 1.35528672, -0.0552833602],
	[-0.0580312498, -0.0555113554, -0.0627613962, -0.0562497564, 0.0888744816, 0.0139147043, 0.0479334779, -0.00957819074],
	[-0.00190823525, 0.986799598, -0.277951449, 1.11258447, -0.0593123175, -0.082565479, 0.97902596, -0.0885198712],
	[-0.0131166726, -3.87788153, -4.86981487, -0.466396928, 0.0380496755, 0.0940703601, 0.255525917, 0.0235304981],
	[-0.0640792698, 0.0103611434, -0.0527779236, 2.10299516, -0.11448402, 0.0404229574, 0.727767467, -0.00455963006],
	[-0.0092606321, 0.268692881, 0.167426959, 1.96865833, 0.0479930826, 0.0392930843, 0.739064872, -0.00520251831],
];
b1 = [-0.0872217789, -0.135119915, -2.1085248, -0.029503677, -0.217853114, 2.00755548, -2.22859144, -1.71420181];
w2 = [
	[-0.0559247583, 0.00115842954, 0.883334517, 0.0814691782, 0.781312764, -1.43135273, 0.463852376, 0.333171278],
	[0.0509798974, 0.0663633496, -0.886717677, 0.0806994438, -0.85195154, 1.38794863, -0.542060852, -0.422388732],
];
b2 = [1.98252285, -1.97170424];
