activationFunction = 'relu';
layerDepth = 3;

stateSpaceEta = [0.1, 0.1];
stateSpaceLowerBound = [-5, -10];
stateSpaceUpperBound = [5, 10];

inputSpaceEta = [1000];
inputSpaceLowerBound = [0];
inputSpaceUpperBound = [5000];

w0 = [
	[-0.0891324058, -0.032202974],
	[7.60523462, -7.10847092],
	[-11.4020462, -14.5615959],
	[9.65356731, 18.4039726],
	[-0.152679235, 0.00321149593],
	[-0.0579421334, 0.0442764647],
	[2.58109021, 3.22056127],
	[0.0204159785, 0.0147727132],
];
b0 = [-0.0128270164, -0.335608929, 13.1904736, -16.0852413, -0.00324068731, -0.0428878032, -3.05272007, -0.0350604095];
w1 = [
	[-0.0936322138, 0.0429709442, -0.0671683624, -3.15853249e-05, 0.0242956728, -0.0899259895, 0.0147684617, 0.0398196056],
	[-0.0524214357, 0.0610283539, 0.0130520202, -0.0465586111, 0.0227931887, 0.0358181223, 0.00705590239, 0.0728562847],
	[0.0179819912, 2.0234499, 2.18102288, 4.85100651, -0.0980429351, 0.00852118991, 1.21421504, -0.0552833602],
	[-0.0580312498, -0.0555113032, -0.0627613962, -0.0562494919, 0.0888744816, 0.0139147043, 0.0479652211, -0.00957819074],
	[-0.00190823525, 0.861441851, -0.719276547, 1.7699492, -0.0593123175, -0.082565479, 1.34623742, -0.0885198712],
	[-0.0131166726, -4.05413914, -5.41211653, -1.15382123, 0.0380496755, 0.0940703601, 0.433272481, 0.0235304981],
	[-0.0640792698, 0.0103794914, -0.0527779236, 2.09640574, -0.11448402, 0.0404229574, 0.727516353, -0.00455963006],
	[-0.0092606321, 0.269257814, 0.167429999, 2.02591372, 0.0479930826, 0.0392930843, 0.79124701, -0.00520251831],
];
b1 = [-0.0872886628, -0.135148391, -1.65971041, -0.0294557344, -0.409299046, 1.67527008, -2.23411894, -1.65419281];
w2 = [
	[-0.0559193976, 0.00116599503, 0.497097284, 0.0815765709, 0.838762045, -1.41487646, 0.46169132, 0.392003238],
	[0.050974533, 0.0663574636, -0.500490725, 0.0805920511, -0.909394681, 1.37147152, -0.539895654, -0.481221497],
];
b2 = [1.53158522, -1.52076781];
