activationFunction = 'relu';
layerDepth = 3;

stateSpaceEta = [0.1, 0.1];
stateSpaceLowerBound = [-5, -10];
stateSpaceUpperBound = [5, 10];

inputSpaceEta = [1000];
inputSpaceLowerBound = [0];
inputSpaceUpperBound = [5000];

w0 = [
	[-0.0891324058, -0.032202974],
	[4.31416512, -7.06417799],
	[-10.334403, -13.1881313],
	[9.80398369, 16.7424488],
	[-0.152679235, 0.00321149593],
	[-0.0579421334, 0.0442764647],
	[2.43097639, 2.46644139],
	[0.0204159785, 0.0147727132],
];
b0 = [-0.0128270164, 0.496369243, 11.7833748, -14.6526918, -0.00324068731, -0.0428878032, -2.91242409, -0.0350604095];
w1 = [
	[-0.0936322138, 0.0431094356, -0.0671679378, -3.06657166e-05, 0.0242956728, -0.0899259895, 0.0147854229, 0.0398196056],
	[-0.0524214357, 0.0611000955, 0.0130739324, -0.0465585925, 0.0227931887, 0.0358181223, 0.00705937482, 0.0728562847],
	[0.0179819912, 1.9519074, 1.76520574, 4.90110302, -0.0980429351, 0.00852118991, 1.33143294, -0.0552833602],
	[-0.0580312498, -0.0555113032, -0.0627613962, -0.0562494919, 0.0888744816, 0.0139147043, 0.0479652211, -0.00957819074],
	[-0.00190823525, 1.15557039, -0.381077796, 1.36356652, -0.0593123175, -0.082565479, 1.3167516, -0.0885198712],
	[-0.0131166726, -3.85835576, -4.98890352, -0.593950033, 0.0380496755, 0.0940703601, -0.130774453, 0.0235304981],
	[-0.0640792698, 0.0103614321, -0.0527779236, 2.11150479, -0.11448402, 0.0404229574, 0.727799296, -0.00455963006],
	[-0.0092606321, 0.268697619, 0.167426959, 1.95609641, 0.0479930826, 0.0392930843, 0.743346334, -0.00520251831],
];
b1 = [-0.0872259215, -0.135120124, -1.98013103, -0.0294557344, -0.180196583, 2.09535861, -2.22003484, -1.73078489];
w2 = [
	[-0.0559246838, 0.00115857704, 0.77021122, 0.0815765709, 0.992338002, -1.37716651, 0.462659508, 0.340671003],
	[0.0509798229, 0.0663633496, -0.773595691, 0.0805920511, -1.06297505, 1.33376276, -0.540865362, -0.429888815],
];
b2 = [1.92018688, -1.9093703];
