activationFunction = 'relu';
layerDepth = 3;

stateSpaceEta = [0.1, 0.1];
stateSpaceLowerBound = [-5, -10];
stateSpaceUpperBound = [5, 10];

inputSpaceEta = [1000];
inputSpaceLowerBound = [0];
inputSpaceUpperBound = [5000];

w0 = [
	[-0.0891324058, -0.032202974],
	[2.44495606, -6.37496042],
	[-9.59086132, -11.8556318],
	[9.47943878, 15.4884787],
	[-0.152679235, 0.00321149593],
	[-0.0579421334, 0.0442764647],
	[2.35468912, 2.40226865],
	[0.0204159785, 0.0147727132],
];
b0 = [-0.0128270164, 0.912229061, 10.5097942, -13.4752445, -0.00324068731, -0.0428878032, -2.15974903, -0.0350604095];
w1 = [
	[-0.0936322138, 0.0431556702, -0.0671679378, -3.06534239e-05, 0.0242956728, -0.0899259895, 0.0147959217, 0.0398196056],
	[-0.0524214357, 0.0611091405, 0.0130748581, -0.0465585925, 0.0227931887, 0.0358181223, 0.00706068194, 0.0728562847],
	[0.0179819912, 1.7059586, 1.79258847, 4.84608221, -0.0980429351, 0.00852118991, 1.41722119, -0.0552833602],
	[-0.0580312498, -0.0555113554, -0.0627613962, -0.0562497564, 0.0888744816, 0.0139147043, 0.0479334779, -0.00957819074],
	[-0.00190823525, 0.806640148, -0.189555705, 0.97296828, -0.0593123175, -0.082565479, 0.483818233, -0.0885198712],
	[-0.0131166726, -3.83728266, -4.68581247, -0.282520652, 0.0380496755, 0.0940703601, 0.416621089, 0.0235304981],
	[-0.0640792698, 0.010360592, -0.0527779236, 2.07089734, -0.11448402, 0.0404229574, 0.712491333, -0.00455963006],
	[-0.0092606321, 0.268651336, 0.167426959, 1.991063, 0.0479930826, 0.0392930843, 0.69959414, -0.00520251831],
];
b1 = [-0.0872036591, -0.135117695, -2.2106235, -0.029503677, -0.1531737, 2.04990363, -2.2617619, -1.70456409];
w2 = [
	[-0.0559258312, 0.00115795736, 1.04131091, 0.0814691782, 0.493730098, -1.4138937, 0.460703671, 0.349350482],
	[0.0509809628, 0.0663634986, -1.04469359, 0.0806994438, -0.564368308, 1.3704896, -0.538912058, -0.438567877],
];
b2 = [2.2004981, -2.18967152];
