activationFunction = 'relu';
layerDepth = 3;

stateSpaceEta = [0.1, 0.1];
stateSpaceLowerBound = [-5, -10];
stateSpaceUpperBound = [5, 10];

inputSpaceEta = [1000];
inputSpaceLowerBound = [0];
inputSpaceUpperBound = [5000];

w0 = [
	[-0.0891324058, -0.032202974],
	[9.30548477, -6.49906731],
	[-11.8186007, -15.5336094],
	[9.85987759, 19.666853],
	[-0.152679235, 0.00321149593],
	[-0.0579421334, 0.0442764647],
	[3.38307738, 3.27200055],
	[0.0204159785, 0.0147727132],
];
b0 = [-0.0128270164, -1.46010101, 14.6437578, -17.371088, -0.00324068731, -0.0428878032, -3.26149368, -0.0350604095];
w1 = [
	[-0.0936322138, 0.039151188, -0.0671719462, -4.6273246e-05, 0.0242956728, -0.0899259895, 0.0138880769, 0.0398196056],
	[-0.0524214357, 0.0595645159, 0.0129418429, -0.0465623885, 0.0227931887, 0.0358181223, 0.00678064907, 0.0728562847],
	[0.0179819912, 1.47544444, 3.11680937, 4.3541379, -0.0980429351, 0.00852118991, 1.23182499, -0.0552833602],
	[-0.0580312498, -0.0555048436, -0.0627613962, -0.0562508069, 0.0888744816, 0.0139147043, 0.0478830487, -0.00957819074],
	[-0.00190823525, 1.20459187, -0.950615227, 1.48547673, -0.0593123175, -0.082565479, 1.76525462, -0.0885198712],
	[-0.0131166726, -4.52472115, -5.46167946, -1.08816791, 0.0380496755, 0.0940703601, 0.926991105, 0.0235304981],
	[-0.0640792698, 0.0103956303, -0.0527779236, 2.09374475, -0.11448402, 0.0404229574, 0.727065206, -0.00455963006],
	[-0.0092606321, 0.270810515, 0.167430893, 1.99665463, 0.0479930826, 0.0392930843, 0.793607116, -0.00520251831],
];
b1 = [-0.0889695063, -0.135743871, 0.240285739, -0.029580608, -0.846413136, 1.22417533, -2.23712039, -1.70468223];
w2 = [
	[-0.0557222441, 0.00132622581, 0.852862298, 0.0810370371, 0.925401807, -1.18704104, 0.462367356, 0.417848051],
	[0.050777372, 0.0661990717, -0.856273651, 0.0811315924, -0.996026218, 1.14363551, -0.54057008, -0.507063389],
];
b2 = [0.0322473869, -0.0214283019];
